TileVioleta:	.word 18, 18
.byte
238, 238, 238, 238, 238, 238, 238, 238, 238, 238, 238, 238, 238, 238, 238, 238, 238, 238, 
238, 238, 238, 238, 238, 238, 238, 238, 238, 238, 238, 238, 238, 238, 238, 238, 238, 238, 
238, 238, 238, 238, 238, 238, 238, 238, 238, 238, 238, 238, 238, 238, 238, 238, 238, 238, 
238, 238, 238, 238, 238, 238, 238, 238, 238, 238, 238, 238, 238, 238, 238, 238, 238, 238, 
238, 238, 238, 238, 238, 238, 238, 238, 238, 238, 238, 238, 238, 238, 238, 238, 238, 238, 
238, 238, 238, 238, 238, 238, 238, 238, 238, 238, 238, 238, 238, 238, 238, 238, 238, 238,
238, 238, 238, 238, 238, 238, 238, 238, 238, 238, 238, 238, 238, 238, 238, 238, 238, 238, 
238, 238, 238, 238, 238, 238, 238, 238, 238, 238, 238, 238, 238, 238, 238, 238, 238, 238,
238, 238, 238, 238, 238, 238, 238, 238, 238, 238, 238, 238, 238, 238, 238, 238, 238, 238, 
238, 238, 238, 238, 238, 238, 238, 238, 238, 238, 238, 238, 238, 238, 238, 238, 238, 238, 
238, 238, 238, 238, 238, 238, 238, 238, 238, 238, 238, 238, 238, 238, 238, 238, 238, 238, 
238, 238, 238, 238, 238, 238, 238, 238, 238, 238, 238, 238, 238, 238, 238, 238, 238, 238, 
238, 238, 238, 238, 238, 238, 238, 238, 238, 238, 238, 238, 238, 238, 238, 238, 238, 238, 
238, 238, 238, 238, 238, 238, 238, 238, 238, 238, 238, 238, 238, 238, 238, 238, 238, 238, 
238, 238, 238, 238, 238, 238, 238, 238, 238, 238, 238, 238, 238, 238, 238, 238, 238, 238, 
238, 238, 238, 238, 238, 238, 238, 238, 238, 238, 238, 238, 238, 238, 238, 238, 238, 238, 
238, 238, 238, 238, 238, 238, 238, 238, 238, 238, 238, 238, 238, 238, 238, 238, 238, 238, 
238, 238, 238, 238, 238, 238, 238, 238, 238, 238, 238, 238, 238, 238, 238, 238, 238, 238, 